  0.06    2.04   -0.02   -2.04    1.95    0.00
  0.13    2.08   -0.03   -2.08    1.90    0.00
  0.19    2.11   -0.05   -2.11    1.85    0.00
  0.26    2.15   -0.06   -2.15    1.80    0.00
  0.33    2.18   -0.07   -2.18    1.75    0.00
  0.40    2.21   -0.08   -2.21    1.69    0.00
  0.46    2.24   -0.10   -2.24    1.63    0.00
  0.53    2.27   -0.11   -2.27    1.57    0.00
  0.60    2.29   -0.12   -2.30    1.51    0.01
  0.67    2.32   -0.12   -2.33    1.45    0.01
  0.74    2.34   -0.13   -2.35    1.39    0.01
  0.82    2.36   -0.14   -2.37    1.32    0.02
  0.89    2.37   -0.15   -2.39    1.26    0.02
  0.96    2.39   -0.15   -2.41    1.19    0.03
  1.03    2.40   -0.16   -2.43    1.13    0.03
  1.10    2.41   -0.16   -2.45    1.06    0.04
  1.17    2.42   -0.16   -2.47    0.99    0.04
  1.25    2.43   -0.17   -2.48    0.92    0.05
  1.32    2.43   -0.17   -2.49    0.85    0.06
  1.39    2.43   -0.17   -2.50    0.78    0.07
  1.46    2.43   -0.17   -2.51    0.71    0.08
  1.53    2.43   -0.17   -2.52    0.65    0.09
  1.60    2.43   -0.17   -2.52    0.58    0.09
  1.66    2.42   -0.17   -2.53    0.51    0.10
  1.73    2.42   -0.17   -2.53    0.44    0.11
  1.80    2.41   -0.17   -2.53    0.37    0.12
  1.86    2.40   -0.17   -2.53    0.31    0.13
  1.93    2.39   -0.17   -2.53    0.24    0.14
  1.99    2.37   -0.16   -2.52    0.17    0.15
  2.05    2.36   -0.16   -2.52    0.11    0.16
  2.12    2.34   -0.16   -2.51    0.04    0.17
  2.18    2.33   -0.15   -2.50   -0.02    0.17
  2.24    2.31   -0.15   -2.49   -0.09    0.18
  2.30    2.29   -0.15   -2.48   -0.15    0.18
  2.35    2.27   -0.14   -2.46   -0.21    0.19
  2.41    2.25   -0.14   -2.45   -0.27    0.19
  2.47    2.23   -0.13   -2.43   -0.33    0.20
  2.52    2.21   -0.13   -2.41   -0.39    0.20
  2.58    2.19   -0.13   -2.39   -0.45    0.20
  2.63    2.16   -0.12   -2.36   -0.51    0.20
  2.69    2.14   -0.12   -2.34   -0.57    0.20
  2.74    2.12   -0.11   -2.31   -0.63    0.20
  2.79    2.09   -0.11   -2.28   -0.68    0.19
  2.84    2.06   -0.11   -2.25   -0.74    0.19
  2.89    2.04   -0.10   -2.22   -0.79    0.18
  2.94    2.01   -0.10   -2.19   -0.84    0.18
  2.99    1.98   -0.10   -2.15   -0.90    0.17
  3.04    1.95   -0.09   -2.11   -0.95    0.16
  3.09    1.93   -0.09   -2.07   -1.00    0.15
  3.13    1.90   -0.09   -2.03   -1.04    0.13
  3.18    1.87   -0.09   -1.99   -1.09    0.12
  3.22    1.84   -0.09   -1.94   -1.14    0.11
  3.27    1.81   -0.09   -1.90   -1.18    0.09
  3.31    1.78   -0.09   -1.85   -1.23    0.07
  3.36    1.74   -0.09   -1.79   -1.27    0.05
  3.40    1.71   -0.09   -1.74   -1.31    0.03
  3.44    1.68   -0.09   -1.69   -1.35    0.01
  3.48    1.65   -0.10   -1.63   -1.39   -0.02
  3.52    1.61   -0.10   -1.57   -1.42   -0.05
  3.56    1.58   -0.11   -1.51   -1.46   -0.07
  3.60    1.55   -0.11   -1.44   -1.49   -0.10
  3.64    1.51   -0.12   -1.38   -1.52   -0.14
  3.68    1.48   -0.14   -1.31   -1.54   -0.17
  3.72    1.44   -0.15   -1.24   -1.57   -0.21
  3.75    1.41   -0.16   -1.16   -1.59   -0.24
  3.79    1.37   -0.18   -1.09   -1.61   -0.28
  3.82    1.33   -0.20   -1.01   -1.62   -0.32
  3.86    1.30   -0.23   -0.93   -1.63   -0.37
  3.89    1.26   -0.25   -0.85   -1.64   -0.41
  3.92    1.22   -0.29   -0.77   -1.64   -0.45
  3.96    1.19   -0.32   -0.69   -1.64   -0.50
  3.99    1.15   -0.36   -0.60   -1.63   -0.55
  4.02    1.11   -0.41   -0.52   -1.61   -0.60
  4.05    1.07   -0.47   -0.43   -1.59   -0.64
  4.08    1.04   -0.53   -0.35   -1.55   -0.69
  4.11    1.00   -0.59   -0.27   -1.51   -0.73
  4.14    0.96   -0.67   -0.19   -1.47   -0.77
  4.16    0.92   -0.76   -0.12   -1.41   -0.80
  4.19    0.88   -0.85   -0.06   -1.34   -0.82
  4.22    0.84   -0.95   -0.00   -1.27   -0.84
  4.24    0.80   -1.05    0.04   -1.19   -0.84
  4.27    0.76   -1.15    0.07   -1.12   -0.83
  4.29    0.72   -1.26    0.08   -1.04   -0.81
  4.32    0.68   -1.36    0.09   -0.96   -0.77
  4.34    0.64   -1.45    0.08   -0.89   -0.73
  4.36    0.60   -1.54    0.07   -0.82   -0.67
  4.38    0.56   -1.62    0.05   -0.76   -0.61
  4.40    0.52   -1.70    0.02   -0.71   -0.55
  4.42    0.48   -1.77   -0.00   -0.66   -0.48
  4.44    0.44   -1.83   -0.04   -0.62   -0.41
  4.46    0.40   -1.88   -0.07   -0.58   -0.33
  4.48    0.36   -1.93   -0.10   -0.55   -0.26
  4.50    0.32   -1.98   -0.14   -0.52   -0.18
  4.52    0.28   -2.02   -0.18   -0.50   -0.10
  4.53    0.24   -2.05   -0.21   -0.48   -0.03
  4.55    0.20   -2.08   -0.25   -0.47    0.05
  4.57    0.16   -2.11   -0.28   -0.46    0.12
  4.58    0.12   -2.13   -0.31   -0.45    0.20
  4.60    0.07   -2.15   -0.35   -0.45    0.27
  4.61    0.03   -2.17   -0.38   -0.44    0.34
  4.62   -0.01   -2.18   -0.41   -0.44    0.41
  4.63   -0.05   -2.19   -0.44   -0.44    0.48
  4.65   -0.09   -2.20   -0.46   -0.45    0.55
  4.66   -0.13   -2.21   -0.49   -0.45    0.62
  4.67   -0.17   -2.21   -0.51   -0.46    0.68
  4.68   -0.21   -2.21   -0.54   -0.47    0.75
  4.69   -0.25   -2.21   -0.56   -0.48    0.81
  4.70   -0.29   -2.21   -0.58   -0.49    0.87
  4.71   -0.33   -2.21   -0.60   -0.50    0.94
  4.71   -0.37   -2.20   -0.62   -0.51    0.99
  4.72   -0.41   -2.19   -0.64   -0.53    1.05
  4.73   -0.45   -2.19   -0.66   -0.54    1.11
  4.73   -0.49   -2.18   -0.67   -0.56    1.16
  4.74   -0.53   -2.17   -0.69   -0.57    1.22
  4.74   -0.57   -2.15   -0.70   -0.59    1.27
  4.75   -0.61   -2.14   -0.71   -0.61    1.32
  4.75   -0.65   -2.13   -0.72   -0.63    1.37
  4.76   -0.69   -2.11   -0.73   -0.65    1.42
  4.76   -0.73   -2.10   -0.74   -0.67    1.47
  4.76   -0.77   -2.08   -0.74   -0.69    1.51
  4.77   -0.81   -2.06   -0.75   -0.71    1.56
  4.77   -0.85   -2.04   -0.75   -0.73    1.60
  4.77   -0.89   -2.02   -0.75   -0.75    1.64
  4.77   -0.93   -2.00   -0.76   -0.77    1.68
  4.77   -0.97   -1.98   -0.76   -0.79    1.72
  4.77   -1.01   -1.95   -0.76   -0.82    1.76
  4.77   -1.04   -1.93   -0.75   -0.84    1.80
  4.77   -1.08   -1.91   -0.75   -0.86    1.83
  4.77   -1.12   -1.88   -0.75   -0.89    1.87
  4.77   -1.16   -1.86   -0.74   -0.91    1.90
  4.76   -1.20   -1.83   -0.73   -0.93    1.93
  4.76   -1.23   -1.80   -0.73   -0.96    1.96
  4.76   -1.27   -1.78   -0.72   -0.98    1.99
  4.75   -1.31   -1.75   -0.71   -1.01    2.02
  4.75   -1.35   -1.72   -0.70   -1.03    2.04
  4.75   -1.39   -1.69   -0.68   -1.06    2.07
  4.74   -1.42   -1.66   -0.67   -1.08    2.09
  4.74   -1.46   -1.63   -0.66   -1.11    2.11
  4.73   -1.50   -1.60   -0.64   -1.13    2.14
  4.72   -1.53   -1.57   -0.62   -1.16    2.16
  4.72   -1.57   -1.54   -0.60   -1.18    2.17
  4.71   -1.61   -1.50   -0.58   -1.21    2.19
  4.70   -1.64   -1.47   -0.56   -1.23    2.21
  4.70   -1.68   -1.44   -0.54   -1.26    2.22
  4.69   -1.72   -1.41   -0.52   -1.28    2.23
  4.68   -1.75   -1.37   -0.49   -1.31    2.24
  4.67   -1.79   -1.34   -0.47   -1.33    2.25
  4.66   -1.82   -1.31   -0.44   -1.36    2.26
  4.65   -1.86   -1.27   -0.41   -1.38    2.27
  4.64   -1.89   -1.24   -0.38   -1.40    2.27
  4.63   -1.93   -1.20   -0.35   -1.43    2.28
  4.62   -1.96   -1.17   -0.31   -1.45    2.28
  4.61   -2.00   -1.13   -0.28   -1.47    2.28
  4.59   -2.03   -1.10   -0.25   -1.50    2.28
  4.58   -2.07   -1.06   -0.21   -1.52    2.28
  4.57   -2.10   -1.03   -0.17   -1.54    2.27
  4.56   -2.14   -0.99   -0.13   -1.56    2.27
  4.54   -2.17   -0.96   -0.09   -1.58    2.26
  4.53   -2.20   -0.92   -0.05   -1.60    2.25
  4.51   -2.24   -0.89   -0.00   -1.62    2.24
  4.50   -2.27   -0.86    0.05   -1.64    2.22
  4.48   -2.30   -0.82    0.09   -1.66    2.21
  4.47   -2.34   -0.79    0.14   -1.68    2.19
  4.45   -2.37   -0.76    0.19   -1.70    2.17
  4.44   -2.40   -0.72    0.25   -1.71    2.15
  4.42   -2.43   -0.69    0.30   -1.73    2.13
  4.40   -2.46   -0.66    0.36   -1.74    2.11
  4.38   -2.50   -0.63    0.42   -1.75    2.08
  4.37   -2.53   -0.61    0.48   -1.76    2.05
  4.35   -2.56   -0.58    0.54   -1.77    2.02
  4.33   -2.59   -0.55    0.60   -1.78    1.99
  4.31   -2.62   -0.53    0.67   -1.78    1.95
  4.29   -2.65   -0.51    0.74   -1.78    1.91
  4.27   -2.68   -0.49    0.81   -1.78    1.87
  4.25   -2.71   -0.47    0.88   -1.78    1.83
  4.23   -2.74   -0.46    0.96   -1.77    1.78
  4.21   -2.77   -0.44    1.03   -1.76    1.74
  4.19   -2.80   -0.44    1.11   -1.75    1.69
  4.17   -2.82   -0.43    1.19   -1.73    1.63
  4.14   -2.85   -0.44    1.27   -1.71    1.58
  4.12   -2.88   -0.44    1.36   -1.68    1.53
  4.10   -2.91   -0.46    1.44   -1.64    1.47
  4.08   -2.94   -0.48    1.52   -1.60    1.41
  4.05   -2.96   -0.51    1.61   -1.55    1.36
  4.03   -2.99   -0.54    1.69   -1.48    1.30
  4.00   -3.02   -0.59    1.76   -1.42    1.25
  3.98   -3.04   -0.64    1.83   -1.34    1.21
  3.95   -3.07   -0.70    1.90   -1.25    1.17
  3.93   -3.09   -0.77    1.95   -1.16    1.14
  3.90   -3.12   -0.85    1.99   -1.06    1.13
  3.88   -3.15   -0.93    2.02   -0.95    1.12
  3.85   -3.17   -1.00    2.04   -0.85    1.13
  3.83   -3.19   -1.08    2.04   -0.75    1.15
  3.80   -3.22   -1.15    2.04   -0.65    1.18
  3.77   -3.24   -1.22    2.03   -0.55    1.22
  3.74   -3.27   -1.28    2.00   -0.47    1.26
  3.72   -3.29   -1.33    1.98   -0.38    1.31
  3.69   -3.31   -1.38    1.95   -0.31    1.37
  3.66   -3.33   -1.42    1.91   -0.24    1.42
  3.63   -3.36   -1.46    1.87   -0.17    1.48
  3.60   -3.38   -1.49    1.84   -0.11    1.54
  3.57   -3.40   -1.52    1.80   -0.06    1.60
  3.55   -3.42   -1.54    1.76   -0.01    1.67
  3.52   -3.44   -1.56    1.71    0.04    1.73
  3.49   -3.46   -1.57    1.67    0.08    1.79
  3.46   -3.48   -1.58    1.63    0.12    1.85
  3.43   -3.50   -1.58    1.59    0.16    1.91
  3.39   -3.52   -1.58    1.55    0.19    1.97
  3.36   -3.54   -1.58    1.51    0.22    2.03
  3.33   -3.56   -1.58    1.47    0.25    2.09
  3.30   -3.58   -1.57    1.43    0.27    2.14
  3.27   -3.59   -1.56    1.39    0.30    2.20
  3.24   -3.61   -1.55    1.36    0.32    2.25
  3.20   -3.63   -1.54    1.32    0.34    2.31
  3.17   -3.65   -1.52    1.29    0.35    2.36
  3.14   -3.66   -1.51    1.25    0.37    2.41
  3.11   -3.68   -1.49    1.22    0.38    2.46
  3.07   -3.69   -1.47    1.19    0.39    2.51
  3.04   -3.71   -1.44    1.16    0.40    2.56
  3.01   -3.73   -1.42    1.12    0.41    2.60
  2.97   -3.74   -1.39    1.09    0.42    2.65
  2.94   -3.75   -1.36    1.07    0.43    2.69
  2.90   -3.77   -1.33    1.04    0.43    2.73
  2.87   -3.78   -1.30    1.01    0.44    2.77
  2.83   -3.79   -1.27    0.99    0.44    2.81
  2.80   -3.81   -1.24    0.96    0.44    2.85
  2.76   -3.82   -1.20    0.94    0.44    2.88
  2.73   -3.83   -1.17    0.92    0.44    2.92
  2.69   -3.84   -1.13    0.89    0.44    2.95
  2.66   -3.85   -1.09    0.87    0.44    2.98
  2.62   -3.87   -1.06    0.85    0.44    3.01
  2.58   -3.88   -1.02    0.83    0.43    3.04
  2.55   -3.89   -0.98    0.82    0.43    3.07
  2.51   -3.90   -0.93    0.80    0.42    3.10
  2.47   -3.90   -0.89    0.78    0.42    3.12
  2.43   -3.91   -0.85    0.77    0.41    3.15
  2.40   -3.92   -0.80    0.75    0.41    3.17
  2.36   -3.93   -0.76    0.74    0.40    3.19
  2.32   -3.94   -0.71    0.73    0.39    3.21
  2.28   -3.94   -0.67    0.72    0.38    3.23
  2.24   -3.95   -0.62    0.71    0.38    3.24
  2.20   -3.96   -0.57    0.70    0.37    3.26
  2.17   -3.96   -0.52    0.69    0.36    3.27
  2.13   -3.97   -0.47    0.68    0.35    3.28
  2.09   -3.97   -0.42    0.68    0.34    3.29
  2.05   -3.98   -0.37    0.67    0.33    3.30
  2.01   -3.98   -0.32    0.67    0.32    3.31
  1.97   -3.98   -0.27    0.66    0.30    3.32
  1.93   -3.99   -0.22    0.66    0.29    3.32
  1.89   -3.99   -0.17    0.66    0.28    3.33
  1.85   -3.99   -0.12    0.66    0.27    3.33
  1.81   -3.99   -0.06    0.66    0.26    3.33
  1.76   -3.99   -0.01    0.66    0.25    3.33
  1.72   -3.99    0.04    0.67    0.23    3.33
  1.68   -3.99    0.10    0.67    0.22    3.32
  1.64   -3.99    0.15    0.67    0.21    3.32
  1.60   -3.99    0.21    0.68    0.20    3.31
  1.56   -3.99    0.26    0.69    0.18    3.30
  1.51   -3.98    0.31    0.69    0.17    3.29
  1.47   -3.98    0.37    0.70    0.16    3.28
  1.43   -3.98    0.42    0.71    0.15    3.26
  1.39   -3.97    0.48    0.72    0.14    3.25
  1.35   -3.97    0.53    0.74    0.12    3.23
  1.30   -3.96    0.58    0.75    0.11    3.21
  1.26   -3.95    0.64    0.76    0.10    3.19
  1.22   -3.95    0.69    0.78    0.09    3.17
  1.17   -3.94    0.74    0.80    0.08    3.14
  1.13   -3.93    0.80    0.82    0.07    3.11
  1.09   -3.92    0.85    0.83    0.06    3.09
  1.05   -3.91    0.90    0.85    0.06    3.06
  1.00   -3.90    0.95    0.88    0.05    3.02
  0.96   -3.89    1.00    0.90    0.04    2.99
  0.92   -3.88    1.05    0.92    0.03    2.95
  0.87   -3.87    1.10    0.95    0.03    2.92
  0.83   -3.85    1.15    0.98    0.02    2.88
  0.79   -3.84    1.19    1.00    0.02    2.83
  0.74   -3.82    1.24    1.03    0.02    2.79
  0.70   -3.81    1.28    1.06    0.02    2.75
  0.66   -3.79    1.32    1.10    0.02    2.70
  0.61   -3.78    1.37    1.13    0.02    2.65
  0.57   -3.76    1.40    1.17    0.03    2.60
  0.53   -3.74    1.44    1.20    0.03    2.54
  0.48   -3.73    1.48    1.24    0.04    2.49
  0.44   -3.71    1.51    1.28    0.05    2.43
  0.40   -3.69    1.54    1.32    0.06    2.37
  0.36   -3.67    1.57    1.36    0.07    2.31
  0.31   -3.65    1.60    1.41    0.09    2.24
  0.27   -3.63    1.62    1.45    0.11    2.18
  0.23   -3.60    1.64    1.50    0.13    2.11
  0.19   -3.58    1.65    1.54    0.16    2.04
  0.14   -3.56    1.67    1.59    0.19    1.97
  0.10   -3.53    1.67    1.64    0.23    1.89
  0.06   -3.51    1.68    1.69    0.27    1.82
  0.02   -3.48    1.67    1.74    0.31    1.75
 -0.03   -3.46    1.67    1.79    0.36    1.67
 -0.07   -3.43    1.65    1.84    0.42    1.60
 -0.11   -3.41    1.63    1.88    0.48    1.52
 -0.15   -3.38    1.61    1.93    0.54    1.45
 -0.19   -3.35    1.57    1.97    0.62    1.38
 -0.23   -3.32    1.53    2.00    0.70    1.31
 -0.27   -3.29    1.48    2.04    0.79    1.25
 -0.31   -3.26    1.43    2.06    0.88    1.20
 -0.36   -3.23    1.37    2.07    0.98    1.15
 -0.40   -3.19    1.31    2.08    1.08    1.11
 -0.44   -3.16    1.25    2.08    1.19    1.09
 -0.48   -3.13    1.18    2.06    1.29    1.07
 -0.51   -3.09    1.12    2.04    1.40    1.06
 -0.55   -3.06    1.05    2.00    1.50    1.06
 -0.59   -3.02    1.00    1.96    1.60    1.06
 -0.63   -2.98    0.94    1.91    1.69    1.08
 -0.67   -2.95    0.90    1.85    1.77    1.10
 -0.71   -2.91    0.85    1.79    1.86    1.12
 -0.74   -2.87    0.82    1.72    1.93    1.15
 -0.78   -2.83    0.78    1.65    2.00    1.18
 -0.82   -2.79    0.76    1.58    2.06    1.21
 -0.86   -2.74    0.74    1.50    2.12    1.24
 -0.89   -2.70    0.72    1.43    2.17    1.28
 -0.93   -2.66    0.71    1.35    2.22    1.31
 -0.96   -2.62    0.70    1.27    2.26    1.34
 -1.00   -2.57    0.70    1.19    2.30    1.38
 -1.03   -2.52    0.70    1.12    2.33    1.41
 -1.06   -2.48    0.70    1.04    2.36    1.44
 -1.10   -2.43    0.71    0.96    2.39    1.47
 -1.13   -2.38    0.72    0.88    2.41    1.50
 -1.16   -2.33    0.73    0.81    2.43    1.53
 -1.19   -2.28    0.74    0.73    2.45    1.55
 -1.22   -2.23    0.76    0.66    2.47    1.58
 -1.25   -2.18    0.77    0.58    2.48    1.60
 -1.28   -2.13    0.79    0.51    2.49    1.62
 -1.31   -2.07    0.81    0.43    2.50    1.64
 -1.34   -2.02    0.84    0.36    2.50    1.66
 -1.36   -1.96    0.86    0.29    2.50    1.68
 -1.39   -1.91    0.88    0.21    2.51    1.70
 -1.41   -1.85    0.91    0.14    2.50    1.71
 -1.44   -1.79    0.94    0.07    2.50    1.72
 -1.46   -1.73    0.96    0.00    2.50    1.73
 -1.48   -1.67    0.99   -0.07    2.49    1.74
 -1.50   -1.61    1.01   -0.14    2.49    1.75
 -1.52   -1.55    1.04   -0.20    2.48    1.75
 -1.54   -1.49    1.07   -0.27    2.47    1.76
 -1.55   -1.42    1.09   -0.34    2.46    1.76
 -1.57   -1.36    1.12   -0.40    2.45    1.76
 -1.58   -1.29    1.15   -0.47    2.43    1.76
 -1.59   -1.23    1.17   -0.53    2.42    1.76
 -1.60   -1.16    1.20   -0.59    2.41    1.75
 -1.61   -1.10    1.22   -0.65    2.39    1.75
 -1.62   -1.03    1.25   -0.71    2.37    1.74
 -1.62   -0.96    1.27   -0.77    2.36    1.73
 -1.63   -0.89    1.29   -0.83    2.34    1.72
 -1.63   -0.83    1.31   -0.89    2.32    1.71
 -1.63   -0.76    1.33   -0.94    2.30    1.70
 -1.63   -0.69    1.36   -0.99    2.28    1.69
 -1.63   -0.62    1.37   -1.05    2.25    1.67
 -1.62   -0.55    1.39   -1.10    2.23    1.65
 -1.62   -0.49    1.41   -1.15    2.21    1.63
 -1.61   -0.42    1.43   -1.20    2.18    1.61
 -1.60   -0.35    1.45   -1.25    2.16    1.59
 -1.59   -0.28    1.46   -1.29    2.13    1.57
 -1.58   -0.21    1.48   -1.34    2.10    1.55
 -1.57   -0.14    1.49   -1.38    2.08    1.52
 -1.56   -0.07    1.51   -1.42    2.05    1.50
 -1.54   -0.01    1.52   -1.46    2.02    1.47
 -1.53    0.06    1.54   -1.50    1.99    1.44
 -1.51    0.13    1.55   -1.54    1.96    1.41
 -1.49    0.20    1.56   -1.57    1.93    1.37
 -1.47    0.27    1.57   -1.61    1.89    1.34
 -1.44    0.33    1.58   -1.64    1.86    1.31
 -1.42    0.40    1.59   -1.67    1.83    1.27
 -1.40    0.47    1.60   -1.70    1.79    1.23
 -1.37    0.53    1.61   -1.73    1.76    1.19
 -1.34    0.60    1.62   -1.75    1.72    1.15
 -1.31    0.67    1.63   -1.78    1.68    1.11
 -1.28    0.73    1.64   -1.80    1.64    1.07
 -1.25    0.80    1.65   -1.82    1.60    1.02
 -1.21    0.87    1.65   -1.84    1.56    0.98
 -1.17    0.93    1.66   -1.86    1.51    0.93
 -1.14    1.00    1.67   -1.88    1.47    0.88
 -1.10    1.06    1.67   -1.89    1.42    0.83
 -1.05    1.12    1.68   -1.90    1.38    0.78
 -1.01    1.19    1.68   -1.92    1.33    0.73
 -0.96    1.25    1.68   -1.92    1.28    0.68
 -0.91    1.31    1.69   -1.93    1.23    0.62
 -0.86    1.37    1.69   -1.94    1.17    0.57
 -0.81    1.43    1.69   -1.94    1.12    0.51
 -0.75    1.49    1.69   -1.94    1.06    0.46
 -0.70    1.54    1.69   -1.94    1.00    0.40
 -0.64    1.60    1.69   -1.94    0.94    0.34
 -0.57    1.65    1.69   -1.93    0.88    0.29
 -0.51    1.70    1.69   -1.93    0.82    0.23
 -0.44    1.75    1.69   -1.92    0.76    0.17
 -0.37    1.79    1.68   -1.91    0.69    0.11
 -0.31    1.83    1.68   -1.89    0.63    0.06
 -0.23    1.87    1.67   -1.88    0.56    0.00
 -0.16    1.91    1.66   -1.86    0.50   -0.05
 -0.09    1.95    1.65   -1.84    0.44   -0.11
 -0.01    1.98    1.64   -1.81    0.37   -0.16
  0.06    2.01    1.63   -1.79    0.31   -0.22
  0.14    2.03    1.61   -1.76    0.25   -0.27
  0.21    2.06    1.60   -1.73    0.19   -0.33
  0.29    2.08    1.58   -1.70    0.13   -0.38
  0.36    2.10    1.56   -1.66    0.08   -0.43
  0.44    2.12    1.54   -1.63    0.02   -0.49
  0.52    2.13    1.51   -1.59   -0.03   -0.54
  0.59    2.14    1.49   -1.55   -0.08   -0.60
  0.67    2.16    1.46   -1.50   -0.12   -0.65
  0.74    2.17    1.42   -1.46   -0.17   -0.71
  0.82    2.17    1.39   -1.41   -0.20   -0.77
  0.89    2.18    1.35   -1.36   -0.24   -0.82
  0.97    2.18    1.30   -1.31   -0.27   -0.88
  1.04    2.19    1.26   -1.25   -0.30   -0.94
  1.12    2.19    1.21   -1.20   -0.32   -0.99
  1.19    2.19    1.15   -1.14   -0.34   -1.05
  1.27    2.19    1.09   -1.08   -0.36   -1.10
  1.34    2.18    1.03   -1.02   -0.37   -1.16
  1.41    2.18    0.96   -0.96   -0.37   -1.21
  1.48    2.17    0.89   -0.90   -0.37   -1.27
  1.56    2.16    0.81   -0.84   -0.36   -1.32
  1.63    2.15    0.72   -0.79   -0.35   -1.36
  1.70    2.14    0.63   -0.73   -0.33   -1.41
  1.77    2.13    0.53   -0.68   -0.30   -1.45
  1.84    2.11    0.43   -0.63   -0.27   -1.48
  1.91    2.10    0.33   -0.59   -0.23   -1.51
  1.97    2.08    0.22   -0.55   -0.19   -1.52
  2.04    2.06    0.10   -0.53   -0.14   -1.53
  2.11    2.04   -0.01   -0.51   -0.10   -1.53
  2.17    2.02   -0.13   -0.49   -0.05   -1.53
  2.24    2.00   -0.24   -0.49    0.00   -1.51
  2.30    1.97   -0.35   -0.50    0.05   -1.48
  2.36    1.95   -0.46   -0.51    0.10   -1.44
  2.42    1.92   -0.56   -0.53    0.14   -1.39
  2.49    1.90   -0.66   -0.56    0.17   -1.34
  2.55    1.87   -0.75   -0.59    0.20   -1.28
  2.60    1.84   -0.83   -0.62    0.23   -1.22
  2.66    1.81   -0.91   -0.66    0.25   -1.16
  2.72    1.78   -0.98   -0.70    0.26   -1.09
  2.78    1.75   -1.05   -0.74    0.27   -1.01
  2.83    1.72   -1.11   -0.78    0.27   -0.94
  2.89    1.69   -1.16   -0.82    0.27   -0.87
  2.94    1.66   -1.21   -0.87    0.27   -0.79
  2.99    1.62   -1.25   -0.91    0.26   -0.71
  3.05    1.59   -1.29   -0.95    0.25   -0.64
  3.10    1.55   -1.33   -0.99    0.23   -0.56
  3.15    1.52   -1.36   -1.03    0.21   -0.49
  3.20    1.48   -1.39   -1.07    0.19   -0.42
  3.24    1.45   -1.41   -1.10    0.17   -0.34
  3.29    1.41   -1.43   -1.14    0.14   -0.27
  3.34    1.37   -1.45   -1.17    0.11   -0.20
  3.38    1.33   -1.47   -1.20    0.08   -0.13
  3.43    1.29   -1.48   -1.23    0.05   -0.06
  3.47    1.25   -1.49   -1.26    0.02    0.01
  3.51    1.21   -1.50   -1.29   -0.01    0.07
  3.55    1.17   -1.50   -1.31   -0.05    0.14
  3.59    1.13   -1.51   -1.33   -0.09    0.20
  3.63    1.09   -1.51   -1.35   -0.12    0.26
  3.67    1.05   -1.51   -1.37   -0.16    0.32
  3.71    1.01   -1.51   -1.39   -0.20    0.38
  3.74    0.97   -1.50   -1.40   -0.24    0.44
  3.78    0.93   -1.50   -1.42   -0.28    0.49
  3.81    0.89   -1.49   -1.43   -0.32    0.54
  3.85    0.84   -1.49   -1.44   -0.36    0.60
  3.88    0.80   -1.48   -1.45   -0.40    0.65
  3.91    0.76   -1.47   -1.45   -0.44    0.69
  3.94    0.72   -1.46   -1.46   -0.48    0.74
  3.97    0.67   -1.45   -1.46   -0.53    0.79
  4.00    0.63   -1.44   -1.46   -0.57    0.83
  4.03    0.59   -1.42   -1.46   -0.61    0.87
  4.06    0.55   -1.41   -1.46   -0.65    0.92
  4.09    0.50   -1.39   -1.46   -0.69    0.95
  4.12    0.46   -1.38   -1.45   -0.74    0.99
  4.14    0.42   -1.36   -1.45   -0.78    1.03
  4.17    0.37   -1.35   -1.44   -0.82    1.06
  4.19    0.33   -1.33   -1.43   -0.86    1.10
  4.22    0.29   -1.31   -1.42   -0.90    1.13
  4.24    0.25   -1.29   -1.40   -0.95    1.16
  4.26    0.20   -1.27   -1.39   -0.99    1.19
  4.29    0.16   -1.26   -1.37   -1.03    1.21
  4.31    0.12   -1.24   -1.35   -1.07    1.24
  4.33    0.07   -1.22   -1.33   -1.11    1.26
  4.35    0.03   -1.19   -1.31   -1.15    1.28
  4.37   -0.01   -1.17   -1.29   -1.19    1.30
  4.39   -0.06   -1.15   -1.27   -1.23    1.32
  4.41   -0.10   -1.13   -1.24   -1.27    1.34
  4.42   -0.14   -1.11   -1.21   -1.31    1.36
  4.44   -0.19   -1.09   -1.19   -1.35    1.37
  4.46   -0.23   -1.07   -1.15   -1.39    1.39
  4.47   -0.27   -1.04   -1.12   -1.43    1.40
  4.49   -0.32   -1.02   -1.09   -1.47    1.41
  4.50   -0.36   -1.00   -1.05   -1.50    1.41
  4.52   -0.40   -0.98   -1.02   -1.54    1.42
  4.53   -0.45   -0.96   -0.98   -1.58    1.43
  4.55   -0.49   -0.93   -0.94   -1.61    1.43
  4.56   -0.53   -0.91   -0.90   -1.65    1.43
  4.57   -0.57   -0.89   -0.86   -1.68    1.43
  4.58   -0.62   -0.87   -0.81   -1.71    1.43
  4.59   -0.66   -0.85   -0.76   -1.75    1.42
  4.61   -0.70   -0.83   -0.72   -1.78    1.42
  4.62   -0.75   -0.81   -0.67   -1.81    1.41
  4.62   -0.79   -0.79   -0.62   -1.84    1.40
  4.63   -0.83   -0.77   -0.56   -1.87    1.39
  4.64   -0.87   -0.75   -0.51   -1.89    1.38
  4.65   -0.92   -0.73   -0.45   -1.92    1.37
  4.66   -0.96   -0.71   -0.39   -1.94    1.35
  4.66   -1.00   -0.70   -0.33   -1.97    1.33
  4.67   -1.04   -0.68   -0.27   -1.99    1.31
  4.68   -1.08   -0.67   -0.21   -2.01    1.29
  4.68   -1.13   -0.66   -0.14   -2.03    1.27
  4.69   -1.17   -0.64   -0.08   -2.04    1.24
  4.69   -1.21   -0.63   -0.01   -2.06    1.22
  4.69   -1.25   -0.63    0.06   -2.07    1.19
  4.70   -1.29   -0.62    0.14   -2.08    1.15
  4.70   -1.33   -0.62    0.21   -2.08    1.12
  4.70   -1.37   -0.62    0.29   -2.09    1.09
  4.70   -1.41   -0.62    0.36   -2.09    1.05
  4.71   -1.45   -0.62    0.44   -2.08    1.01
  4.71   -1.49   -0.63    0.52   -2.08    0.97
  4.71   -1.53   -0.64    0.60   -2.06    0.93
  4.71   -1.57   -0.66    0.69   -2.05    0.89
  4.71   -1.61   -0.68    0.77   -2.02    0.85
  4.70   -1.65   -0.71    0.85   -2.00    0.80
  4.70   -1.69   -0.74    0.94   -1.96    0.76
  4.70   -1.73   -0.78    1.02   -1.92    0.72
  4.70   -1.77   -0.82    1.10   -1.87    0.68
  4.70   -1.81   -0.88    1.17   -1.82    0.64
  4.69   -1.85   -0.94    1.25   -1.76    0.60
  4.69   -1.89   -1.00    1.31   -1.69    0.58
  4.69   -1.93   -1.08    1.37   -1.61    0.56
  4.68   -1.97   -1.15    1.42   -1.53    0.54
  4.68   -2.00   -1.24    1.46   -1.44    0.54
  4.67   -2.04   -1.32    1.49   -1.35    0.55
  4.67   -2.08   -1.41    1.51   -1.26    0.57
  4.66   -2.12   -1.49    1.52   -1.17    0.60
  4.65   -2.15   -1.57    1.51   -1.08    0.64
  4.65   -2.19   -1.64    1.50   -1.00    0.69
  4.64   -2.23   -1.71    1.48   -0.93    0.74
  4.63   -2.26   -1.77    1.46   -0.86    0.81
  4.62   -2.30   -1.83    1.43   -0.79    0.87
  4.62   -2.34   -1.88    1.39   -0.74    0.94
  4.61   -2.37   -1.92    1.36   -0.69    1.02
  4.60   -2.41   -1.96    1.32   -0.64    1.09
  4.59   -2.44   -1.99    1.28   -0.60    1.16
  4.58   -2.48   -2.01    1.24   -0.56    1.24
  4.57   -2.51   -2.04    1.20   -0.53    1.31
  4.56   -2.55   -2.05    1.16   -0.51    1.39
  4.55   -2.58   -2.06    1.12   -0.48    1.46
  4.54   -2.62   -2.07    1.09   -0.46    1.53
  4.53   -2.65   -2.08    1.05   -0.45    1.60
  4.51   -2.69   -2.08    1.01   -0.44    1.67
  4.50   -2.72   -2.08    0.98   -0.43    1.74
  4.49   -2.75   -2.07    0.94   -0.42    1.81
  4.48   -2.79   -2.06    0.91   -0.41    1.88
  4.46   -2.82   -2.05    0.88   -0.41    1.94
  4.45   -2.85   -2.04    0.85   -0.41    2.00
  4.44   -2.88   -2.03    0.82   -0.41    2.06
  4.42   -2.92   -2.01    0.79   -0.41    2.12
  4.41   -2.95   -1.99    0.77   -0.42    2.18
  4.39   -2.98   -1.97    0.74   -0.42    2.24
  4.38   -3.01   -1.95    0.72   -0.43    2.29
  4.36   -3.04   -1.92    0.70   -0.44    2.34
  4.35   -3.07   -1.90    0.68   -0.45    2.40
  4.33   -3.10   -1.87    0.66   -0.46    2.45
  4.32   -3.13   -1.84    0.64   -0.47    2.49
  4.30   -3.16   -1.82    0.62   -0.48    2.54
  4.28   -3.19   -1.79    0.61   -0.50    2.58
  4.27   -3.22   -1.75    0.60   -0.51    2.63
  4.25   -3.25   -1.72    0.58   -0.53    2.67
  4.23   -3.28   -1.69    0.57   -0.55    2.71
  4.21   -3.31   -1.65    0.56   -0.56    2.75
  4.20   -3.34   -1.62    0.56   -0.58    2.78
  4.18   -3.37   -1.58    0.55   -0.60    2.82
  4.16   -3.40   -1.54    0.55   -0.62    2.85
  4.14   -3.43   -1.50    0.54   -0.64    2.88
  4.12   -3.45   -1.47    0.54   -0.66    2.91
  4.10   -3.48   -1.43    0.54   -0.68    2.94
  4.08   -3.51   -1.39    0.54   -0.70    2.97
  4.06   -3.54   -1.34    0.54   -0.72    2.99
  4.04   -3.56   -1.30    0.55   -0.74    3.02
  4.02   -3.59   -1.26    0.55   -0.76    3.04
  4.00   -3.61   -1.22    0.56   -0.78    3.06
  3.98   -3.64   -1.18    0.56   -0.81    3.08
  3.96   -3.67   -1.13    0.57   -0.83    3.09
  3.94   -3.69   -1.09    0.58   -0.85    3.11
  3.92   -3.72   -1.05    0.59   -0.87    3.12
  3.90   -3.74   -1.00    0.61   -0.89    3.14
  3.87   -3.77   -0.96    0.62   -0.92    3.15
  3.85   -3.79   -0.91    0.64   -0.94    3.15
  3.83   -3.82   -0.87    0.66   -0.96    3.16
  3.81   -3.84   -0.82    0.67   -0.98    3.17
  3.78   -3.86   -0.78    0.69   -1.00    3.17
  3.76   -3.89   -0.73    0.72   -1.03    3.17
  3.74   -3.91   -0.69    0.74   -1.05    3.17
  3.71   -3.93   -0.64    0.76   -1.07    3.17
  3.69   -3.95   -0.60    0.79   -1.09    3.17
  3.66   -3.98   -0.55    0.82   -1.11    3.16
  3.64   -4.00   -0.51    0.85   -1.13    3.15
  3.61   -4.02   -0.46    0.88   -1.15    3.14
  3.59   -4.04   -0.42    0.91   -1.17    3.13
  3.56   -4.06   -0.38    0.94   -1.18    3.12
  3.54   -4.08   -0.34    0.98   -1.20    3.11
  3.51   -4.10   -0.29    1.01   -1.22    3.09
  3.49   -4.12   -0.25    1.05   -1.23    3.07
  3.46   -4.14   -0.21    1.09   -1.25    3.05
  3.43   -4.16   -0.17    1.13   -1.26    3.03
  3.41   -4.18   -0.13    1.18   -1.27    3.00
  3.38   -4.20   -0.09    1.22   -1.29    2.98
  3.35   -4.22   -0.06    1.27   -1.30    2.95
  3.33   -4.24   -0.02    1.32   -1.30    2.92
  3.30   -4.25    0.01    1.37   -1.31    2.89
  3.27   -4.27    0.05    1.42   -1.32    2.86
  3.24   -4.29    0.08    1.47   -1.32    2.82
  3.21   -4.31    0.11    1.52   -1.32    2.78
  3.19   -4.32    0.13    1.58   -1.32    2.74
  3.16   -4.34    0.16    1.64   -1.32    2.70
  3.13   -4.35    0.18    1.70   -1.31    2.66
  3.10   -4.37    0.20    1.76   -1.30    2.61
  3.07   -4.39    0.22    1.82   -1.29    2.57
  3.04   -4.40    0.24    1.88   -1.28    2.52
  3.01   -4.42    0.25    1.95   -1.26    2.47
  2.98   -4.43    0.25    2.01   -1.24    2.42
  2.95   -4.44    0.26    2.08   -1.21    2.36
  2.92   -4.46    0.26    2.15   -1.18    2.31
  2.89   -4.47    0.25    2.22   -1.15    2.25
  2.86   -4.48    0.24    2.28   -1.11    2.20
  2.83   -4.50    0.23    2.35   -1.06    2.14
  2.80   -4.51    0.21    2.42   -1.01    2.09
  2.77   -4.52    0.18    2.48   -0.95    2.04
  2.74   -4.53    0.14    2.54   -0.89    1.99
  2.71   -4.54    0.10    2.60   -0.82    1.94
  2.68   -4.55    0.06    2.65   -0.74    1.90
  2.65   -4.57    0.01    2.70   -0.66    1.86
  2.62   -4.58   -0.05    2.74   -0.57    1.83
  2.59   -4.59   -0.11    2.77   -0.47    1.81
  2.56   -4.60   -0.18    2.80   -0.38    1.80
  2.52   -4.61   -0.25    2.81   -0.28    1.79
  2.49   -4.61   -0.31    2.82   -0.18    1.80
  2.46   -4.62   -0.38    2.81   -0.08    1.81
  2.43   -4.63   -0.44    2.79    0.02    1.84
  2.40   -4.64   -0.50    2.77    0.11    1.87
  2.36   -4.65   -0.56    2.74    0.19    1.91
  2.33   -4.65   -0.61    2.71    0.28    1.95
  2.30   -4.66   -0.65    2.67    0.35    2.00
  2.27   -4.67   -0.69    2.62    0.42    2.05
  2.23   -4.67   -0.72    2.57    0.49    2.10
  2.20   -4.68   -0.75    2.52    0.55    2.16
  2.17   -4.69   -0.77    2.47    0.60    2.22
  2.13   -4.69   -0.79    2.42    0.65    2.28
  2.10   -4.70   -0.80    2.36    0.70    2.33
  2.07   -4.70   -0.80    2.31    0.74    2.39
  2.03   -4.71   -0.81    2.26    0.77    2.45
  2.00   -4.71   -0.80    2.20    0.80    2.51
  1.97   -4.71   -0.80    2.15    0.83    2.56
  1.93   -4.72   -0.79    2.10    0.86    2.62
  1.90   -4.72   -0.78    2.05    0.88    2.67
  1.87   -4.72   -0.76    1.99    0.90    2.73
  1.83   -4.72   -0.75    1.95    0.91    2.78
  1.80   -4.73   -0.73    1.90    0.93    2.83
  1.76   -4.73   -0.70    1.85    0.94    2.88
  1.73   -4.73   -0.68    1.80    0.95    2.92
  1.69   -4.73   -0.65    1.76    0.95    2.97
  1.66   -4.73   -0.62    1.72    0.96    3.01
  1.63   -4.73   -0.59    1.67    0.96    3.06
  1.59   -4.73   -0.56    1.63    0.96    3.10
  1.56   -4.73   -0.52    1.59    0.96    3.13
  1.52   -4.73   -0.48    1.56    0.96    3.17
  1.49   -4.72   -0.45    1.52    0.96    3.21
  1.45   -4.72   -0.41    1.48    0.95    3.24
  1.42   -4.72   -0.37    1.45    0.95    3.27
  1.38   -4.72   -0.32    1.42    0.94    3.30
  1.35   -4.71   -0.28    1.39    0.93    3.33
  1.31   -4.71   -0.24    1.36    0.93    3.36
  1.28   -4.71   -0.19    1.33    0.92    3.38
  1.24   -4.70   -0.15    1.30    0.90    3.40
  1.21   -4.70   -0.10    1.27    0.89    3.42
  1.17   -4.69   -0.05    1.25    0.88    3.44
  1.13   -4.69   -0.00    1.23    0.87    3.46
  1.10   -4.68    0.05    1.21    0.85    3.48
  1.06   -4.68    0.10    1.18    0.84    3.49
  1.03   -4.67    0.15    1.17    0.83    3.50
  0.99   -4.66    0.20    1.15    0.81    3.51
  0.96   -4.65    0.25    1.13    0.79    3.52
  0.92   -4.65    0.30    1.12    0.78    3.53
  0.88   -4.64    0.35    1.10    0.76    3.53
  0.85   -4.63    0.41    1.09    0.75    3.54
  0.81   -4.62    0.46    1.08    0.73    3.54
  0.78   -4.61    0.51    1.07    0.71    3.54
  0.74   -4.60    0.57    1.06    0.70    3.54
  0.70   -4.59    0.62    1.05    0.68    3.53
  0.67   -4.58    0.67    1.05    0.66    3.53
  0.63   -4.56    0.72    1.04    0.64    3.52
  0.60   -4.55    0.78    1.04    0.63    3.51
  0.56   -4.54    0.83    1.04    0.61    3.50
  0.52   -4.53    0.88    1.04    0.59    3.49
  0.49   -4.51    0.94    1.04    0.58    3.47
  0.45   -4.50    0.99    1.04    0.56    3.46
  0.42   -4.48    1.04    1.05    0.54    3.44
  0.38   -4.47    1.09    1.05    0.53    3.42
  0.34   -4.45    1.14    1.06    0.51    3.40
  0.31   -4.44    1.19    1.06    0.50    3.37
  0.27   -4.42    1.24    1.07    0.48    3.35
  0.24   -4.40    1.29    1.08    0.47    3.32
  0.20   -4.39    1.34    1.09    0.46    3.29
  0.17   -4.37    1.39    1.11    0.44    3.26
  0.13   -4.35    1.44    1.12    0.43    3.23
  0.10   -4.33    1.48    1.14    0.42    3.20
  0.06   -4.31    1.53    1.15    0.41    3.16
  0.02   -4.29    1.58    1.17    0.40    3.12
 -0.01   -4.27    1.62    1.19    0.39    3.08
 -0.05   -4.25    1.66    1.21    0.38    3.04
 -0.08   -4.23    1.70    1.23    0.38    3.00
 -0.11   -4.21    1.74    1.26    0.37    2.95
 -0.15   -4.18    1.78    1.28    0.37    2.90
 -0.18   -4.16    1.82    1.31    0.37    2.85
 -0.22   -4.14    1.85    1.33    0.37    2.80
 -0.25   -4.11    1.89    1.36    0.37    2.75
 -0.29   -4.09    1.92    1.39    0.37    2.70
 -0.32   -4.07    1.95    1.43    0.37    2.64
 -0.36   -4.04    1.97    1.46    0.38    2.58
 -0.39   -4.01    2.00    1.49    0.39    2.52
 -0.42   -3.99    2.02    1.53    0.40    2.46
 -0.46   -3.96    2.04    1.56    0.41    2.40
 -0.49   -3.93    2.06    1.60    0.43    2.33
 -0.52   -3.91    2.08    1.64    0.45    2.27
 -0.56   -3.88    2.09    1.68    0.47    2.20
 -0.59   -3.85    2.09    1.72    0.49    2.13
 -0.62   -3.82    2.10    1.76    0.52    2.06
 -0.65   -3.79    2.10    1.80    0.55    1.99
 -0.69   -3.76    2.10    1.84    0.59    1.92
 -0.72   -3.73    2.09    1.89    0.63    1.85
 -0.75   -3.70    2.07    1.93    0.68    1.77
 -0.78   -3.67    2.06    1.97    0.73    1.70
 -0.81   -3.64    2.03    2.01    0.78    1.63
 -0.85   -3.60    2.00    2.04    0.84    1.56
 -0.88   -3.57    1.97    2.08    0.91    1.49
 -0.91   -3.54    1.93    2.11    0.98    1.43
 -0.94   -3.50    1.88    2.14    1.06    1.36
 -0.97   -3.47    1.82    2.16    1.15    1.31
 -1.00   -3.43    1.77    2.17    1.23    1.26
 -1.03   -3.39    1.70    2.18    1.33    1.22
 -1.06   -3.36    1.64    2.18    1.42    1.18
 -1.09   -3.32    1.57    2.16    1.52    1.16
 -1.12   -3.28    1.50    2.14    1.62    1.14
 -1.15   -3.24    1.43    2.11    1.72    1.14
 -1.18   -3.21    1.36    2.06    1.81    1.14
 -1.20   -3.17    1.30    2.01    1.90    1.15
 -1.23   -3.13    1.24    1.95    1.99    1.17
 -1.26   -3.09    1.19    1.89    2.07    1.20
 -1.29   -3.04    1.15    1.82    2.14    1.23
 -1.31   -3.00    1.11    1.74    2.20    1.26
 -1.34   -2.96    1.08    1.67    2.26    1.29
 -1.36   -2.92    1.05    1.59    2.31    1.33
 -1.39   -2.87    1.03    1.50    2.36    1.37
 -1.42   -2.83    1.01    1.42    2.40    1.41
 -1.44   -2.79    1.00    1.34    2.44    1.45
 -1.46   -2.74    1.00    1.25    2.47    1.49
 -1.49   -2.69    1.00    1.17    2.49    1.52
 -1.51   -2.65    1.00    1.09    2.51    1.56
 -1.53   -2.60    1.01    1.01    2.53    1.59
 -1.56   -2.55    1.02    0.93    2.54    1.63
 -1.58   -2.50    1.03    0.85    2.55    1.66
 -1.60   -2.46    1.04    0.77    2.56    1.69
 -1.62   -2.41    1.06    0.69    2.56    1.71
 -1.64   -2.36    1.08    0.62    2.56    1.74
 -1.66   -2.30    1.10    0.54    2.56    1.76
 -1.68   -2.25    1.12    0.47    2.56    1.78
 -1.70   -2.20    1.15    0.40    2.55    1.80
 -1.72   -2.15    1.17    0.33    2.54    1.82
 -1.73   -2.09    1.20    0.26    2.53    1.84
 -1.75   -2.04    1.23    0.19    2.52    1.85
 -1.76   -1.99    1.26    0.12    2.51    1.86
 -1.78   -1.93    1.28    0.06    2.49    1.87
 -1.79   -1.87    1.31   -0.01    2.48    1.88
 -1.81   -1.82    1.34   -0.07    2.46    1.89
 -1.82   -1.76    1.37   -0.13    2.44    1.89
 -1.83   -1.70    1.40   -0.19    2.42    1.89
 -1.84   -1.64    1.44   -0.25    2.40    1.89
 -1.85   -1.59    1.47   -0.31    2.38    1.89
 -1.85   -1.53    1.50   -0.36    2.36    1.89
 -1.86   -1.47    1.53   -0.42    2.33    1.88
 -1.87   -1.41    1.56   -0.47    2.31    1.88
 -1.87   -1.34    1.59   -0.52    2.28    1.87
 -1.88   -1.28    1.62   -0.57    2.26    1.86
 -1.88   -1.22    1.65   -0.62    2.23    1.85
 -1.88   -1.16    1.68   -0.67    2.20    1.83
 -1.88   -1.10    1.70   -0.72    2.18    1.82
 -1.88   -1.04    1.73   -0.76    2.15    1.80
 -1.88   -0.97    1.76   -0.80    2.12    1.78
 -1.88   -0.91    1.79   -0.85    2.09    1.76
 -1.87   -0.85    1.81   -0.89    2.06    1.73
 -1.87   -0.78    1.84   -0.93    2.03    1.71
 -1.86   -0.72    1.86   -0.96    2.00    1.68
 -1.85   -0.66    1.89   -1.00    1.97    1.66
 -1.85   -0.59    1.91   -1.04    1.93    1.63
 -1.84   -0.53    1.94   -1.07    1.90    1.60
 -1.83   -0.46    1.96   -1.10    1.87    1.56
 -1.81   -0.40    1.98   -1.13    1.83    1.53
 -1.80   -0.33    2.00   -1.16    1.80    1.49
 -1.79   -0.27    2.02   -1.19    1.77    1.46
 -1.77   -0.20    2.04   -1.21    1.73    1.42
 -1.75   -0.14    2.06   -1.24    1.70    1.38
 -1.74   -0.07    2.08   -1.26    1.66    1.33
 -1.72   -0.01    2.09   -1.28    1.62    1.29
 -1.70    0.06    2.11   -1.30    1.59    1.24
 -1.68    0.12    2.13   -1.32    1.55    1.19
 -1.65    0.19    2.14   -1.33    1.51    1.14
 -1.63    0.26    2.15   -1.35    1.47    1.09
 -1.60    0.32    2.17   -1.36    1.44    1.04
 -1.57    0.39    2.18   -1.37    1.40    0.98
 -1.54    0.45    2.19   -1.38    1.36    0.93
 -1.51    0.52    2.20   -1.39    1.32    0.87
 -1.48    0.58    2.21   -1.39    1.28    0.81
 -1.45    0.65    2.21   -1.40    1.23    0.75
 -1.41    0.71    2.22   -1.40    1.19    0.68
 -1.37    0.78    2.22   -1.40    1.15    0.62
 -1.33    0.84    2.23   -1.39    1.11    0.55
 -1.29    0.91    2.23   -1.39    1.06    0.48
 -1.24    0.97    2.23   -1.38    1.02    0.41
 -1.20    1.03    2.23   -1.37    0.97    0.34
 -1.15    1.10    2.22   -1.36    0.93    0.27
 -1.10    1.16    2.22   -1.35    0.88    0.20
 -1.04    1.22    2.21   -1.34    0.83    0.12
 -0.99    1.27    2.20   -1.32    0.79    0.05
 -0.93    1.33    2.19   -1.30    0.74   -0.03
 -0.87    1.38    2.17   -1.28    0.69   -0.11
 -0.81    1.44    2.16   -1.25    0.65   -0.18
 -0.74    1.49    2.14   -1.23    0.60   -0.26
 -0.67    1.54    2.12   -1.20    0.56   -0.34
 -0.61    1.58    2.09   -1.17    0.52   -0.41
 -0.54    1.63    2.06   -1.14    0.48   -0.49
 -0.47    1.67    2.03   -1.10    0.44   -0.56
 -0.40    1.71    1.99   -1.07    0.41   -0.64
 -0.32    1.75    1.95   -1.03    0.38   -0.71
 -0.25    1.78    1.90   -0.99    0.35   -0.79
 -0.18    1.82    1.85   -0.96    0.32   -0.86
 -0.10    1.85    1.80   -0.91    0.30   -0.93
 -0.03    1.88    1.74   -0.87    0.29   -1.00
  0.05    1.91    1.67   -0.83    0.27   -1.07
  0.13    1.93    1.60   -0.79    0.27   -1.14
  0.21    1.96    1.53   -0.75    0.27   -1.20
  0.28    1.98    1.45   -0.71    0.27   -1.27
  0.36    2.00    1.36   -0.67    0.28   -1.32
  0.44    2.01    1.27   -0.63    0.29   -1.38
  0.52    2.03    1.17   -0.60    0.31   -1.43
  0.60    2.04    1.06   -0.57    0.34   -1.47
  0.68    2.06    0.96   -0.55    0.37   -1.51
  0.76    2.06    0.84   -0.52    0.40   -1.54
  0.84    2.07    0.73   -0.51    0.44   -1.56
  0.92    2.08    0.61   -0.50    0.47   -1.57
  1.00    2.08    0.49   -0.50    0.51   -1.58
  1.08    2.08    0.37   -0.51    0.55   -1.57
  1.15    2.08    0.25   -0.52    0.59   -1.56
  1.23    2.07    0.14   -0.54    0.63   -1.53
  1.31    2.07    0.03   -0.57    0.66   -1.50
  1.39    2.06   -0.08   -0.60    0.69   -1.46
  1.46    2.05   -0.18   -0.64    0.71   -1.41
  1.54    2.04   -0.27   -0.68    0.73   -1.36
  1.61    2.03   -0.36   -0.72    0.75   -1.31
  1.69    2.01   -0.44   -0.76    0.75   -1.25
  1.76    2.00   -0.51   -0.81    0.76   -1.19
  1.83    1.98   -0.58   -0.86    0.75   -1.12
  1.90    1.96   -0.65   -0.91    0.74   -1.05
  1.97    1.94   -0.71   -0.96    0.73   -0.99
  2.04    1.92   -0.76   -1.01    0.71   -0.92
  2.11    1.90   -0.81   -1.05    0.69   -0.85
  2.18    1.88   -0.85   -1.10    0.67   -0.78
  2.25    1.85   -0.89   -1.15    0.64   -0.71
  2.31    1.82   -0.92   -1.19    0.61   -0.63
  2.38    1.80   -0.95   -1.23    0.57   -0.56
  2.44    1.77   -0.98   -1.27    0.54   -0.50
  2.51    1.74   -1.00   -1.31    0.50   -0.43
  2.57    1.71   -1.02   -1.35    0.45   -0.36
  2.63    1.67   -1.04   -1.38    0.41   -0.29
  2.69    1.64   -1.06   -1.41    0.37   -0.23
  2.75    1.61   -1.07 